1099410
813780
916440
3035570
3159330
801800
668580
2840770
208650
312650
2358720
1285190
1238080
1677280
1273400
543460
1693980
1252330
1490890
2928600
337000
1984270
1038250
3017860
2054970
2669320
2195250
3405690
3230400
1849250
3059520
1004640
637650
2515020
1569040
438490
1496790
1761390
2495100
1817230
990080
627270
2058180
648350
1244460
2958130
517630
532210
2375550
2072450
1805480
3061810
265300
2058190
234140
1941540
629820
1088850
368260
287700
2679460
356190
2246340
1971870
1222680
1846380
3046600
2161700
1602010
1113000
1687950
1382330
2254740
493340
2688950
703080
2751000
2288350
1294810
2050650
1875830
809890
2361770
1295660
312660
1029690
2169200
2055290
637100
1237320
1794960
2486820
2022670
2513280
2842040
3489700
312670
1364780
315210
1909950
626690
429660
785260
2680010
1785650
1937780
2951630
779340
364360
594570
1142710
1649080
2185060
1451190
790820
1611910
1844380
2239550
1938010
621830
1235140
465280
